   1.0000000e-02
   1.6600000e-01
   3.2200000e-01
   4.7800000e-01
   6.3400000e-01
   7.9000000e-01
   9.4600000e-01
   1.1020000e+00
   1.2580000e+00
   1.4140000e+00
   1.5700000e+00
   1.7260000e+00
   1.8820000e+00
   2.0380000e+00
   2.1940000e+00
   2.3500000e+00
   2.5060000e+00
   2.6620000e+00
   2.8180000e+00
   2.9740000e+00
   3.1300000e+00
   3.2860000e+00
   3.4420000e+00
   3.5980000e+00
   3.7540000e+00
   3.9100000e+00
   4.0660000e+00
   4.2220000e+00
   4.3780000e+00
   4.5340000e+00
   4.6900000e+00
   4.8460000e+00
   5.0020000e+00
   5.1580000e+00
   5.3140000e+00
   5.4700000e+00
   5.6260000e+00
   5.7820000e+00
   5.9380000e+00
   6.0940000e+00
   6.2500000e+00
   6.4060000e+00
   6.5620000e+00
   6.7180000e+00
   6.8740000e+00
   7.0300000e+00
   7.1860000e+00
   7.3420000e+00
   7.4980000e+00
   7.6540000e+00
   7.8100000e+00
   7.9660000e+00
   8.1220000e+00
   8.2780000e+00
   8.4340000e+00
   8.5900000e+00
   8.7460000e+00
   8.9020000e+00
   9.0580000e+00
   9.2140000e+00
   9.3700000e+00
   9.5260000e+00
   9.6820000e+00
   9.8380000e+00
   10.000000e+00
