   1.0000000e-02
   1.7656250e-02
   2.5312500e-02
   3.2968750e-02
   4.0625000e-02
   4.8281250e-02
   5.5937500e-02
   6.3593750e-02
   7.1250000e-02
   7.8906250e-02
   8.6562500e-02
   9.4218750e-02
   1.0187500e-01
   1.0953125e-01
   1.1718750e-01
   1.2484375e-01
   1.3250000e-01
   1.4015625e-01
   1.4781250e-01
   1.5546875e-01
   1.6312500e-01
   1.7078125e-01
   1.7843750e-01
   1.8609375e-01
   1.9375000e-01
   2.0140625e-01
   2.0906250e-01
   2.1671875e-01
   2.2437500e-01
   2.3203125e-01
   2.3968750e-01
   2.4734375e-01
   2.5500000e-01
   2.6265625e-01
   2.7031250e-01
   2.7796875e-01
   2.8562500e-01
   2.9328125e-01
   3.0093750e-01
   3.0859375e-01
   3.1625000e-01
   3.2390625e-01
   3.3156250e-01
   3.3921875e-01
   3.4687500e-01
   3.5453125e-01
   3.6218750e-01
   3.6984375e-01
   3.7750000e-01
   3.8515625e-01
   3.9281250e-01
   4.0046875e-01
   4.0812500e-01
   4.1578125e-01
   4.2343750e-01
   4.3109375e-01
   4.3875000e-01
   4.4640625e-01
   4.5406250e-01
   4.6171875e-01
   4.6937500e-01
   4.7703125e-01
   4.8468750e-01
   4.9234375e-01
   5.0000000e-01
