   1.0000000e-02
   4.1093750e-02
   7.2187500e-02
   1.0328125e-01
   1.3437500e-01
   1.6546875e-01
   1.9656250e-01
   2.2765625e-01
   2.5875000e-01
   2.8984375e-01
   3.2093750e-01
   3.5203125e-01
   3.8312500e-01
   4.1421875e-01
   4.4531250e-01
   4.7640625e-01
   5.0750000e-01
   5.3859375e-01
   5.6968750e-01
   6.0078125e-01
   6.3187500e-01
   6.6296875e-01
   6.9406250e-01
   7.2515625e-01
   7.5625000e-01
   7.8734375e-01
   8.1843750e-01
   8.4953125e-01
   8.8062500e-01
   9.1171875e-01
   9.4281250e-01
   9.7390625e-01
   1.0050000e+00
   1.0360938e+00
   1.0671875e+00
   1.0982813e+00
   1.1293750e+00
   1.1604687e+00
   1.1915625e+00
   1.2226562e+00
   1.2537500e+00
   1.2848438e+00
   1.3159375e+00
   1.3470312e+00
   1.3781250e+00
   1.4092187e+00
   1.4403125e+00
   1.4714063e+00
   1.5025000e+00
   1.5335938e+00
   1.5646875e+00
   1.5957812e+00
   1.6268750e+00
   1.6579687e+00
   1.6890625e+00
   1.7201563e+00
   1.7512500e+00
   1.7823437e+00
   1.8134375e+00
   1.8445312e+00
   1.8756250e+00
   1.9067188e+00
   1.9378125e+00
   1.9689063e+00
   2.0000000e+00
